1654782693170 2179.55419921875 0
1654782721224 538.2802124023438 1
1654782747861 272.7496643066406 2
1654782774725 244.3330535888672 3
1654782803824 230.8822479248047 4
1654782835391 223.9373779296875 5
1654782865208 220.28599548339844 6
1654782892627 218.14903259277344 7
1654782920523 216.755126953125 8
1654782947635 215.33509826660156 9
1654782974449 214.5986785888672 10
1654783001401 213.4844207763672 11
1654783031545 212.7280731201172 12
1654783058633 211.87413024902344 13
1654783086979 211.07012939453125 14
1654783113579 210.44561767578125 15
1654783140520 209.98170471191406 16
1654783167661 209.36183166503906 17
1654783200386 208.90931701660156 18
1654783230909 208.31478881835938 19
