1654789398573 2022.0078125 0
1654789428054 575.1155395507812 1
1654789456279 270.6473083496094 2
1654789484146 243.9438934326172 3
1654789513021 232.0404815673828 4
1654789542140 226.1446990966797 5
1654789570926 222.12265014648438 6
1654789599810 219.62017822265625 7
1654789627333 218.04319763183594 8
1654789655258 216.68531799316406 9
1654789681421 215.74217224121094 10
1654789708167 214.85726928710938 11
1654789734585 214.01324462890625 12
1654789761657 213.1302032470703 13
1654789788276 212.498046875 14
1654789815791 212.04832458496094 15
1654789842469 211.23207092285156 16
1654789870362 210.68980407714844 17
1654789897349 209.95620727539062 18
1654789924115 209.5408477783203 19
