1654773633774 3422.914794921875 0
1654773647728 1663.5738525390625 1
1654773660358 689.9454956054688 2
1654773673401 319.4342956542969 3
1654773686195 286.93023681640625 4
1654773698716 271.005615234375 5
1654773711359 260.0420837402344 6
1654773723741 252.43177795410156 7
1654773737041 250.0849151611328 8
1654773750503 242.79615783691406 9
1654773763572 238.4124755859375 10
1654773776860 234.43922424316406 11
1654773790451 234.3480987548828 12
1654773803987 231.19338989257812 13
1654773824129 230.32801818847656 14
1654773837722 227.5236358642578 15
1654773850919 226.53762817382812 16
1654773864115 226.76834106445312 17
1654773877277 224.944091796875 18
1654773890509 225.5462188720703 19
