1654763005491 1382.0609130859375 0
1654763011628 273.19342041015625 1
1654763018050 230.6130828857422 2
1654763024962 223.17526245117188 3
1654763032216 219.1647186279297 4
1654763041940 216.02357482910156 5
1654763048528 214.47415161132812 6
1654763055093 218.02713012695312 7
1654763061525 217.90390014648438 8
1654763068057 215.15426635742188 9
1654763074474 213.5005340576172 10
1654763080797 210.94900512695312 11
1654763087300 210.39898681640625 12
1654763093907 212.63352966308594 13
1654763100390 210.62860107421875 14
1654763106984 210.3520050048828 15
1654763113826 210.03744506835938 16
1654763120502 209.74525451660156 17
1654763127300 207.64822387695312 18
1654763134022 207.549072265625 19
