1654762332794 3584.762939453125 0
1654762339218 2938.053466796875 1
1654762345577 2697.93115234375 2
1654762351692 2695.45556640625 3
1654762358074 2695.15185546875 4
1654762364347 2694.978271484375 5
1654762371031 2694.872314453125 6
1654762377746 2694.794921875 7
1654762384093 2694.75 8
1654762390521 2694.71435546875 9
1654762396822 2694.683837890625 10
1654762403674 2694.65966796875 11
1654762409907 2694.639404296875 12
1654762416310 2694.6181640625 13
1654762422890 2694.6005859375 14
1654762429465 2694.58447265625 15
1654762436153 2694.568603515625 16
1654762442804 2694.558837890625 17
1654762449236 2694.54443359375 18
1654762457045 2694.534912109375 19
