1654770055573 2100.399169921875 0
1654770061713 300.33013916015625 1
1654770067410 272.77783203125 2
1654770073856 256.1531677246094 3
1654770080047 249.3393096923828 4
1654770085921 244.03440856933594 5
1654770091983 247.28504943847656 6
1654770097901 241.626220703125 7
1654770103874 239.8495330810547 8
1654770110038 239.49517822265625 9
1654770117164 239.76968383789062 10
1654770123393 235.20675659179688 11
1654770129642 232.58973693847656 12
1654770135775 230.47653198242188 13
1654770141806 234.13389587402344 14
1654770148258 231.53712463378906 15
1654770154180 229.92568969726562 16
1654770160254 227.15118408203125 17
1654770166106 226.2967987060547 18
1654770172147 225.2413330078125 19
