1654781173792 907.4033203125 0
1654781230312 244.9386444091797 1
1654781285303 228.40260314941406 2
1654781340914 227.85850524902344 3
1654781396804 218.92787170410156 4
1654781453137 222.15367126464844 5
1654781510312 215.2350311279297 6
1654781566419 213.93898010253906 7
1654781623698 213.80914306640625 8
1654781681598 211.7342987060547 9
1654781739859 212.16847229003906 10
1654781819668 211.87005615234375 11
1654781878103 210.336181640625 12
1654781936293 208.9363250732422 13
1654781993655 208.13650512695312 14
1654782052133 207.9653778076172 15
1654782109577 546.2102661132812 16
1654782165296 251.8829803466797 17
1654782221696 226.31202697753906 18
1654782279024 207.8744659423828 19
