1654773453295 3303.244384765625 0
1654773464871 1779.6829833984375 1
1654773471760 623.7763061523438 2
1654773478611 408.4144592285156 3
1654773485763 318.920654296875 4
1654773492123 284.8300476074219 5
1654773498525 272.0900573730469 6
1654773505281 265.2501220703125 7
1654773511836 260.5715026855469 8
1654773518614 258.3121337890625 9
1654773525046 256.2997741699219 10
1654773531656 254.2347869873047 11
1654773538147 252.87025451660156 12
1654773544814 250.84808349609375 13
1654773551356 248.86827087402344 14
1654773557704 247.32244873046875 15
1654773564328 245.89646911621094 16
1654773570692 246.0513458251953 17
1654773577755 244.38934326171875 18
1654773583998 243.42205810546875 19
