1654606397504 2936.202392578125 0
1654606425967 2722.732666015625 1
1654606453057 2722.58349609375 2
1654606478763 2722.51953125 3
1654606505876 2722.48046875 4
1654606532913 2722.4521484375 5
1654606558762 2722.431884765625 6
1654606586123 2722.41650390625 7
1654606612663 2722.4033203125 8
1654606639435 2722.390625 9
1654606666429 2722.383544921875 10
1654606693423 2722.37548828125 11
1654606720364 2722.368896484375 12
1654606750908 2722.36279296875 13
1654606781526 2722.35693359375 14
1654606811948 2722.349609375 15
1654606843009 2722.33642578125 16
1654606881396 2722.32373046875 17
1654606908427 2722.3125 18
1654606935335 2722.29931640625 19
